RE =    2.33
GA =    3.00
LO =    15.00
HI = 75000.00
FW =     5.2330676360182
TH =     3.50
LS =     0.00
HS =     2.00
LR =    -2.00
HR =     2.00
WA =    -2.00
FI =     3.50
PS =     20.9322705440728
VA =     2.00
AN =    -6.00
EX =     5.00
PE =     0.75
PR =     5.00

